1000	0.001646	33874
8000	0.017883	408514
27000	0.067059	1607955
64000	0.147769	3010744
125000	0.309309	6930640
216000	0.545614	12589000
343000	0.894171	19848801
512000	1.36002	32562579
729000	1.90126	41412061
1000000	2.43195	44081618
1331000	3.25829	60724940
1728000	4.24248	78691500
2197000	5.40477	97059643
2744000	6.58249	110632547
3375000	8.18367	140425106
4096000	9.99038	171964508
4913000	12.2308	225339472
5832000	14.1824	244232964
6859000	16.6569	282748289
8000000	19.6252	344619410
9261000	22.8442	403489541
10648000	26.2517	458960742
12167000	30.001	522365446
13824000	34.8512	635212416
